0 0.610387 0.683785 0.183575 0.109589
0 0.613587 0.866196 0.147500 0.108206
0 0.653056 0.540907 0.129962 0.070748
0 0.313544 0.600551 0.131812 0.084617
0 0.182750 0.640785 0.077825 0.042991
0 0.118687 0.791991 0.061225 0.098486
0 0.280150 0.337692 0.065025 0.030523
0 0.220269 0.502766 0.073287 0.047178
0 0.926712 0.531206 0.094525 0.062411
0 0.879869 0.713607 0.149262 0.077682
0 0.793644 0.624841 0.127087 0.091551
0 0.418325 0.434794 0.070500 0.049925
0 0.346475 0.494449 0.128850 0.066579
0 0.696156 0.441037 0.136363 0.059645
